0.490591   0.298381   -0.520175
-0.956061  0.672572   -0.892106
-0.599577  0.686576   -0.710414
-0.626149  -3.855     -2.01557
1.70267    0.294109   -1.38392
1.11102    -0.449663  -0.0205424
1.52571    -0.378021  0.174288
-0.526636  -4.02964   -0.780143
-1.58636   -0.684597  1.93478
-1.97613   0.233203   -1.43035
-1.04991   0.475218   0.184591
-0.949615  0.130024   -0.20819
-0.477658  0.520211   -0.156673
-0.303773  0.524069   -0.00505137
-0.0218587 0.61158    -0.0437686
0.00181628 0.911411   -0.347026
-0.82595   0.80452    -0.232735
-0.513135  0.281729   -0.543684
-0.362772  0.0869685  -0.467925
-0.203333  -0.134175  -0.539068
-0.0586501 -0.33559   -0.584691
0.219673   -0.653     -0.491607
-0.0704083 -0.668915  -0.288987
0.0690151  -0.507943  -0.341592
0.0626263  -0.544401  -0.365705
0.149072   -0.59844   -0.357193
0.228391   -0.468508  -0.449104
0.313151   -0.428324  -0.417605
0.334299   -0.392135  -0.392457
0.390273   -0.401504  -0.356949
0.460264   -0.374944  -0.31542
0.504167   -0.362199  -0.276348
0.566488   -0.391411  -0.213434
0.63051    -0.387245  -0.169868
0.508006   -0.495771  -0.0484875
0.490209   -0.482892  -0.000564513
0.437109   -0.556784  -0.000957169
0.417942   -0.59094   0.0301602
0.387923   -0.662959  0.118252
0.453594   -0.587584  0.280448
0.392368   -0.562575  0.396374
0.390643   -0.518108  0.392301
0.311147   -0.589798  0.418807
0.21256    -0.579037  0.483652
0.154689   -0.585035  0.467134
0.0799483  -0.597136  0.487371
-0.0052088 -0.586666  0.516675
-0.0717801 -0.588481  0.502666
-0.125094  -0.563913  0.526627
-0.152002  -0.596977  0.537015
-0.164432  -0.627532  0.440579
-0.230115  -0.665741  0.386526
-0.369813  -0.568951  0.371065
-0.426885  -0.533716  0.269049
-0.438013  -0.464352  0.270819
-0.41874   -0.54252   0.197843
-0.454571  -0.552782  0.184518
-0.440779  -0.553148  0.19391
-0.444716  -0.566903  0.169745
-0.389577  -0.536091   0.00297367
-0.455004  -0.536555  -0.171988
-0.556608  -0.415331  -0.211289
-0.562645  -0.328311  -0.308336
-0.487235  -0.407093  -0.171098
-0.369733  -0.545638  -0.296484
-0.244361  -0.482769  -0.427758
-0.130831  -0.494632  -0.470327
-0.175257  -0.399895  -0.452878
-0.16123   -0.440013  -0.45884
-0.0922607 -0.47756   -0.419055
-0.0245152 -0.486997  -0.43501
0.053734   -0.414294  -0.472966
0.138718   -0.397383  -0.454148
0.226364   -0.375361  -0.460993
0.304421   -0.390172  -0.451842
0.388655   -0.38355   -0.446761
0.298624   -0.464179  -0.351204
0.314067   -0.532302  -0.289918
0.386974   -0.52907   -0.173195
0.457179   -0.540167  -0.115107
0.519769   -0.429603  -0.167702
0.575928   -0.377074  -0.116315
0.561575   -0.355603  -0.0601879
0.596908   -0.372047  0.0445954
0.606148   -0.47498   0.0359124
0.473726   -0.57119   0.142956
0.432447   -0.637063  0.235774
0.463693   -0.551451  0.397472
0.356668   -0.514283  0.51539
0.342461   -0.470181  0.446028
0.198608   -0.594368  0.442945
0.13572    -0.643488  0.470431
0.0712321  -0.688577  0.399667
0.0801991  -0.603127  0.47318
0.0257476  -0.574836  0.489391
-0.0269411 -0.553277  0.52899
-0.129816  -0.587374  0.519343
-0.238526  -0.544393  0.540025
-0.286326  -0.562401  0.403531
-0.359446  -0.548695  0.356523
